,the scores,sucess rate,one digit scores,two digits scores,three digits scores,four and more digits scores
0,0,0.0,100.0,0.0,0.0,0.0
1,0,0.0,100.0,0.0,0.0,0.0
2,0,0.0,100.0,0.0,0.0,0.0
3,0,0.0,100.0,0.0,0.0,0.0
4,0,0.0,100.0,0.0,0.0,0.0
5,0,0.0,100.0,0.0,0.0,0.0
6,0,0.0,100.0,0.0,0.0,0.0
7,0,0.0,100.0,0.0,0.0,0.0
8,0,0.0,100.0,0.0,0.0,0.0
9,0,0.0,100.0,0.0,0.0,0.0
10,0,0.0,100.0,0.0,0.0,0.0
11,0,0.0,100.0,0.0,0.0,0.0
12,0,0.0,100.0,0.0,0.0,0.0
13,0,0.0,100.0,0.0,0.0,0.0
14,0,0.0,100.0,0.0,0.0,0.0
15,0,0.0,100.0,0.0,0.0,0.0
16,0,0.0,100.0,0.0,0.0,0.0
17,0,0.0,100.0,0.0,0.0,0.0
18,0,0.0,100.0,0.0,0.0,0.0
19,0,0.0,100.0,0.0,0.0,0.0
20,0,0.0,100.0,0.0,0.0,0.0
21,0,0.0,100.0,0.0,0.0,0.0
22,0,0.0,100.0,0.0,0.0,0.0
23,0,0.0,100.0,0.0,0.0,0.0
24,0,0.0,100.0,0.0,0.0,0.0
25,0,0.0,100.0,0.0,0.0,0.0
26,0,0.0,100.0,0.0,0.0,0.0
27,0,0.0,100.0,0.0,0.0,0.0
28,0,0.0,100.0,0.0,0.0,0.0
29,0,0.0,100.0,0.0,0.0,0.0
30,0,0.0,100.0,0.0,0.0,0.0
31,0,0.0,100.0,0.0,0.0,0.0
32,0,0.0,100.0,0.0,0.0,0.0
33,0,0.0,100.0,0.0,0.0,0.0
34,0,0.0,100.0,0.0,0.0,0.0
35,0,0.0,100.0,0.0,0.0,0.0
36,0,0.0,100.0,0.0,0.0,0.0
37,0,0.0,100.0,0.0,0.0,0.0
38,0,0.0,100.0,0.0,0.0,0.0
39,0,0.0,100.0,0.0,0.0,0.0
40,0,0.0,100.0,0.0,0.0,0.0
41,0,0.0,100.0,0.0,0.0,0.0
42,0,0.0,100.0,0.0,0.0,0.0
43,0,0.0,100.0,0.0,0.0,0.0
44,0,0.0,100.0,0.0,0.0,0.0
45,0,0.0,100.0,0.0,0.0,0.0
46,0,0.0,100.0,0.0,0.0,0.0
47,0,0.0,100.0,0.0,0.0,0.0
48,0,0.0,100.0,0.0,0.0,0.0
49,0,0.0,100.0,0.0,0.0,0.0
50,0,0.0,100.0,0.0,0.0,0.0
51,0,0.0,100.0,0.0,0.0,0.0
52,0,0.0,100.0,0.0,0.0,0.0
53,0,0.0,100.0,0.0,0.0,0.0
54,0,0.0,100.0,0.0,0.0,0.0
55,0,0.0,100.0,0.0,0.0,0.0
56,0,0.0,100.0,0.0,0.0,0.0
57,0,0.0,100.0,0.0,0.0,0.0
58,0,0.0,100.0,0.0,0.0,0.0
59,0,0.0,100.0,0.0,0.0,0.0
60,0,0.0,100.0,0.0,0.0,0.0
61,0,0.0,100.0,0.0,0.0,0.0
62,0,0.0,100.0,0.0,0.0,0.0
63,0,0.0,100.0,0.0,0.0,0.0
64,0,0.0,100.0,0.0,0.0,0.0
65,0,0.0,100.0,0.0,0.0,0.0
66,0,0.0,100.0,0.0,0.0,0.0
67,0,0.0,100.0,0.0,0.0,0.0
68,0,0.0,100.0,0.0,0.0,0.0
69,0,0.0,100.0,0.0,0.0,0.0
70,0,0.0,100.0,0.0,0.0,0.0
71,0,0.0,100.0,0.0,0.0,0.0
72,0,0.0,100.0,0.0,0.0,0.0
73,0,0.0,100.0,0.0,0.0,0.0
74,0,0.0,100.0,0.0,0.0,0.0
75,0,0.0,100.0,0.0,0.0,0.0
76,0,0.0,100.0,0.0,0.0,0.0
77,0,0.0,100.0,0.0,0.0,0.0
78,0,0.0,100.0,0.0,0.0,0.0
79,0,0.0,100.0,0.0,0.0,0.0
80,0,0.0,100.0,0.0,0.0,0.0
81,0,0.0,100.0,0.0,0.0,0.0
82,0,0.0,100.0,0.0,0.0,0.0
83,0,0.0,100.0,0.0,0.0,0.0
84,0,0.0,100.0,0.0,0.0,0.0
85,0,0.0,100.0,0.0,0.0,0.0
86,0,0.0,100.0,0.0,0.0,0.0
87,0,0.0,100.0,0.0,0.0,0.0
88,0,0.0,100.0,0.0,0.0,0.0
89,0,0.0,100.0,0.0,0.0,0.0
90,0,0.0,100.0,0.0,0.0,0.0
91,0,0.0,100.0,0.0,0.0,0.0
92,1,0.010638297872340425,100.0,0.0,0.0,0.0
93,0,0.010526315789473684,100.0,0.0,0.0,0.0
94,0,0.010416666666666666,100.0,0.0,0.0,0.0
95,0,0.010309278350515464,100.0,0.0,0.0,0.0
96,0,0.01020408163265306,100.0,0.0,0.0,0.0
97,0,0.010101010101010102,100.0,0.0,0.0,0.0
98,0,0.01,100.0,0.0,0.0,0.0
99,0,0.009900990099009901,100.0,0.0,0.0,0.0
100,0,0.00980392156862745,100.0,0.0,0.0,0.0
101,0,0.009708737864077669,100.0,0.0,0.0,0.0
102,0,0.009615384615384616,100.0,0.0,0.0,0.0
103,0,0.009523809523809525,100.0,0.0,0.0,0.0
104,0,0.009433962264150943,100.0,0.0,0.0,0.0
105,1,0.018518518518518517,100.0,0.0,0.0,0.0
106,0,0.01834862385321101,100.0,0.0,0.0,0.0
107,0,0.01818181818181818,100.0,0.0,0.0,0.0
108,0,0.018018018018018018,100.0,0.0,0.0,0.0
109,0,0.017857142857142856,100.0,0.0,0.0,0.0
110,0,0.017699115044247787,100.0,0.0,0.0,0.0
111,1,0.02608695652173913,100.0,0.0,0.0,0.0
112,0,0.02586206896551724,100.0,0.0,0.0,0.0
113,0,0.02564102564102564,100.0,0.0,0.0,0.0
114,0,0.025423728813559324,100.0,0.0,0.0,0.0
115,0,0.025210084033613446,100.0,0.0,0.0,0.0
116,0,0.025,100.0,0.0,0.0,0.0
117,1,0.03278688524590164,100.0,0.0,0.0,0.0
118,0,0.032520325203252036,100.0,0.0,0.0,0.0
119,0,0.03225806451612903,100.0,0.0,0.0,0.0
120,0,0.032,100.0,0.0,0.0,0.0
121,0,0.031746031746031744,100.0,0.0,0.0,0.0
122,0,0.031496062992125984,100.0,0.0,0.0,0.0
123,0,0.03125,100.0,0.0,0.0,0.0
124,0,0.031007751937984496,100.0,0.0,0.0,0.0
125,0,0.03076923076923077,100.0,0.0,0.0,0.0
126,0,0.030534351145038167,100.0,0.0,0.0,0.0
127,0,0.030303030303030304,100.0,0.0,0.0,0.0
128,0,0.03007518796992481,100.0,0.0,0.0,0.0
129,0,0.029850746268656716,100.0,0.0,0.0,0.0
130,0,0.02962962962962963,100.0,0.0,0.0,0.0
131,0,0.029411764705882353,100.0,0.0,0.0,0.0
132,0,0.029197080291970802,100.0,0.0,0.0,0.0
133,0,0.028985507246376812,100.0,0.0,0.0,0.0
134,0,0.02877697841726619,100.0,0.0,0.0,0.0
135,0,0.02857142857142857,100.0,0.0,0.0,0.0
136,0,0.028368794326241134,100.0,0.0,0.0,0.0
137,0,0.028169014084507043,100.0,0.0,0.0,0.0
138,0,0.027972027972027972,100.0,0.0,0.0,0.0
139,0,0.027777777777777776,100.0,0.0,0.0,0.0
140,0,0.027586206896551724,100.0,0.0,0.0,0.0
141,0,0.0273972602739726,100.0,0.0,0.0,0.0
142,0,0.027210884353741496,100.0,0.0,0.0,0.0
143,0,0.02702702702702703,100.0,0.0,0.0,0.0
144,0,0.026845637583892617,100.0,0.0,0.0,0.0
145,1,0.033112582781456956,100.0,0.0,0.0,0.0
146,1,0.0392156862745098,100.0,0.0,0.0,0.0
147,0,0.03896103896103896,100.0,0.0,0.0,0.0
148,0,0.03870967741935484,100.0,0.0,0.0,0.0
149,1,0.044585987261146494,100.0,0.0,0.0,0.0
150,0,0.04430379746835443,100.0,0.0,0.0,0.0
151,0,0.0440251572327044,100.0,0.0,0.0,0.0
152,0,0.04375,100.0,0.0,0.0,0.0
153,0,0.043478260869565216,100.0,0.0,0.0,0.0
154,0,0.043209876543209874,100.0,0.0,0.0,0.0
155,1,0.04878048780487805,100.0,0.0,0.0,0.0
156,0,0.048484848484848485,100.0,0.0,0.0,0.0
157,0,0.04819277108433735,100.0,0.0,0.0,0.0
158,0,0.04790419161676647,100.0,0.0,0.0,0.0
159,0,0.047619047619047616,100.0,0.0,0.0,0.0
160,0,0.047337278106508875,100.0,0.0,0.0,0.0
161,0,0.047058823529411764,100.0,0.0,0.0,0.0
162,0,0.04678362573099415,100.0,0.0,0.0,0.0
163,0,0.046511627906976744,100.0,0.0,0.0,0.0
164,0,0.046242774566473986,100.0,0.0,0.0,0.0
165,0,0.04597701149425287,100.0,0.0,0.0,0.0
166,0,0.045714285714285714,100.0,0.0,0.0,0.0
167,1,0.05084745762711865,100.0,0.0,0.0,0.0
168,0,0.05056179775280899,100.0,0.0,0.0,0.0
169,1,0.05555555555555555,100.0,0.0,0.0,0.0
170,1,0.06043956043956044,100.0,0.0,0.0,0.0
171,0,0.060109289617486336,100.0,0.0,0.0,0.0
172,0,0.059782608695652176,100.0,0.0,0.0,0.0
173,0,0.05945945945945946,100.0,0.0,0.0,0.0
174,0,0.05913978494623656,100.0,0.0,0.0,0.0
175,1,0.06382978723404255,100.0,0.0,0.0,0.0
176,1,0.06842105263157895,100.0,0.0,0.0,0.0
177,0,0.06806282722513089,100.0,0.0,0.0,0.0
178,0,0.06770833333333333,100.0,0.0,0.0,0.0
179,0,0.06735751295336788,100.0,0.0,0.0,0.0
180,0,0.06701030927835051,100.0,0.0,0.0,0.0
181,0,0.06666666666666667,100.0,0.0,0.0,0.0
182,0,0.0663265306122449,100.0,0.0,0.0,0.0
183,1,0.0707070707070707,100.0,0.0,0.0,0.0
184,0,0.07035175879396985,100.0,0.0,0.0,0.0
185,1,0.07462686567164178,100.0,0.0,0.0,0.0
186,0,0.07425742574257425,100.0,0.0,0.0,0.0
187,1,0.0784313725490196,100.0,0.0,0.0,0.0
188,0,0.07804878048780488,100.0,0.0,0.0,0.0
189,0,0.07766990291262135,100.0,0.0,0.0,0.0
190,0,0.07729468599033816,100.0,0.0,0.0,0.0
191,1,0.08133971291866028,100.0,0.0,0.0,0.0
192,0,0.08095238095238096,100.0,0.0,0.0,0.0
193,0,0.08056872037914692,100.0,0.0,0.0,0.0
194,1,0.08450704225352113,100.0,0.0,0.0,0.0
195,0,0.08411214953271028,100.0,0.0,0.0,0.0
196,0,0.08372093023255814,100.0,0.0,0.0,0.0
197,1,0.08755760368663594,100.0,0.0,0.0,0.0
198,1,0.091324200913242,100.0,0.0,0.0,0.0
199,0,0.09090909090909091,100.0,0.0,0.0,0.0
200,2,0.09865470852017937,100.0,0.0,0.0,0.0
201,0,0.09821428571428571,100.0,0.0,0.0,0.0
202,0,0.09777777777777778,100.0,0.0,0.0,0.0
203,0,0.09734513274336283,100.0,0.0,0.0,0.0
204,0,0.09691629955947137,100.0,0.0,0.0,0.0
205,0,0.09649122807017543,100.0,0.0,0.0,0.0
206,1,0.1,100.0,0.0,0.0,0.0
207,1,0.10344827586206896,100.0,0.0,0.0,0.0
208,0,0.10300429184549356,100.0,0.0,0.0,0.0
209,0,0.10256410256410256,100.0,0.0,0.0,0.0
210,0,0.10212765957446808,100.0,0.0,0.0,0.0
211,0,0.1016949152542373,100.0,0.0,0.0,0.0
212,0,0.10126582278481013,100.0,0.0,0.0,0.0
213,1,0.10460251046025104,100.0,0.0,0.0,0.0
214,0,0.10416666666666667,100.0,0.0,0.0,0.0
215,1,0.10743801652892562,100.0,0.0,0.0,0.0
216,0,0.10699588477366255,100.0,0.0,0.0,0.0
217,0,0.10655737704918032,100.0,0.0,0.0,0.0
218,0,0.10612244897959183,100.0,0.0,0.0,0.0
219,0,0.10569105691056911,100.0,0.0,0.0,0.0
220,0,0.10526315789473684,100.0,0.0,0.0,0.0
221,1,0.10843373493975904,100.0,0.0,0.0,0.0
222,1,0.11155378486055777,100.0,0.0,0.0,0.0
223,0,0.1111111111111111,100.0,0.0,0.0,0.0
224,0,0.11067193675889328,100.0,0.0,0.0,0.0
225,0,0.11023622047244094,100.0,0.0,0.0,0.0
226,0,0.10980392156862745,100.0,0.0,0.0,0.0
227,0,0.109375,100.0,0.0,0.0,0.0
228,0,0.10894941634241245,100.0,0.0,0.0,0.0
229,2,0.11538461538461539,100.0,0.0,0.0,0.0
230,1,0.1183206106870229,100.0,0.0,0.0,0.0
231,3,0.12781954887218044,100.0,0.0,0.0,0.0
232,1,0.13059701492537312,100.0,0.0,0.0,0.0
233,0,0.13011152416356878,100.0,0.0,0.0,0.0
234,1,0.13284132841328414,100.0,0.0,0.0,0.0
235,0,0.1323529411764706,100.0,0.0,0.0,0.0
236,0,0.13186813186813187,100.0,0.0,0.0,0.0
237,0,0.13138686131386862,100.0,0.0,0.0,0.0
238,0,0.13090909090909092,100.0,0.0,0.0,0.0
239,0,0.13043478260869565,100.0,0.0,0.0,0.0
240,0,0.1299638989169675,100.0,0.0,0.0,0.0
241,0,0.12949640287769784,100.0,0.0,0.0,0.0
242,0,0.12903225806451613,100.0,0.0,0.0,0.0
243,0,0.12857142857142856,100.0,0.0,0.0,0.0
244,1,0.13120567375886524,100.0,0.0,0.0,0.0
245,0,0.13074204946996468,100.0,0.0,0.0,0.0
246,1,0.13333333333333333,100.0,0.0,0.0,0.0
247,0,0.13286713286713286,100.0,0.0,0.0,0.0
248,0,0.13240418118466898,100.0,0.0,0.0,0.0
249,0,0.13194444444444445,100.0,0.0,0.0,0.0
250,0,0.1314878892733564,100.0,0.0,0.0,0.0
251,0,0.1310344827586207,100.0,0.0,0.0,0.0
252,0,0.13058419243986255,100.0,0.0,0.0,0.0
253,0,0.13013698630136986,100.0,0.0,0.0,0.0
254,0,0.1296928327645051,100.0,0.0,0.0,0.0
255,0,0.1292517006802721,100.0,0.0,0.0,0.0
256,0,0.1288135593220339,100.0,0.0,0.0,0.0
257,1,0.13131313131313133,100.0,0.0,0.0,0.0
258,1,0.13377926421404682,100.0,0.0,0.0,0.0
259,1,0.1362126245847176,100.0,0.0,0.0,0.0
260,1,0.13861386138613863,100.0,0.0,0.0,0.0
261,0,0.13815789473684212,100.0,0.0,0.0,0.0
262,0,0.1377049180327869,100.0,0.0,0.0,0.0
263,0,0.13725490196078433,100.0,0.0,0.0,0.0
264,0,0.13680781758957655,100.0,0.0,0.0,0.0
265,0,0.13636363636363635,100.0,0.0,0.0,0.0
266,0,0.13592233009708737,100.0,0.0,0.0,0.0
267,0,0.13548387096774195,100.0,0.0,0.0,0.0
268,0,0.13504823151125403,100.0,0.0,0.0,0.0
269,0,0.1346153846153846,100.0,0.0,0.0,0.0
270,0,0.134185303514377,100.0,0.0,0.0,0.0
271,0,0.1337579617834395,100.0,0.0,0.0,0.0
272,0,0.13333333333333333,100.0,0.0,0.0,0.0
273,0,0.13291139240506328,100.0,0.0,0.0,0.0
274,0,0.13249211356466878,100.0,0.0,0.0,0.0
275,0,0.1320754716981132,100.0,0.0,0.0,0.0
276,0,0.13166144200626959,100.0,0.0,0.0,0.0
277,0,0.13125,100.0,0.0,0.0,0.0
278,1,0.13354037267080746,100.0,0.0,0.0,0.0
279,0,0.13312693498452013,100.0,0.0,0.0,0.0
280,1,0.13538461538461538,100.0,0.0,0.0,0.0
281,0,0.13496932515337423,100.0,0.0,0.0,0.0
282,2,0.1398176291793313,100.0,0.0,0.0,0.0
283,0,0.1393939393939394,100.0,0.0,0.0,0.0
284,2,0.14414414414414414,100.0,0.0,0.0,0.0
285,0,0.1437125748502994,100.0,0.0,0.0,0.0
286,0,0.14328358208955225,100.0,0.0,0.0,0.0
287,0,0.14285714285714285,100.0,0.0,0.0,0.0
288,0,0.142433234421365,100.0,0.0,0.0,0.0
289,1,0.14454277286135694,100.0,0.0,0.0,0.0
290,1,0.1466275659824047,100.0,0.0,0.0,0.0
291,1,0.14868804664723032,100.0,0.0,0.0,0.0
292,1,0.15072463768115943,100.0,0.0,0.0,0.0
293,0,0.15028901734104047,100.0,0.0,0.0,0.0
294,1,0.15229885057471265,100.0,0.0,0.0,0.0
295,1,0.15428571428571428,100.0,0.0,0.0,0.0
296,0,0.15384615384615385,100.0,0.0,0.0,0.0
297,4,0.16292134831460675,100.0,0.0,0.0,0.0
298,0,0.16246498599439776,100.0,0.0,0.0,0.0
299,0,0.16201117318435754,100.0,0.0,0.0,0.0
300,1,0.1638888888888889,100.0,0.0,0.0,0.0
301,0,0.1634349030470914,100.0,0.0,0.0,0.0
302,0,0.16298342541436464,100.0,0.0,0.0,0.0
303,0,0.162534435261708,100.0,0.0,0.0,0.0
304,0,0.1620879120879121,100.0,0.0,0.0,0.0
305,0,0.16164383561643836,100.0,0.0,0.0,0.0
306,0,0.16120218579234974,100.0,0.0,0.0,0.0
307,0,0.16076294277929154,100.0,0.0,0.0,0.0
308,0,0.16032608695652173,100.0,0.0,0.0,0.0
309,1,0.16216216216216217,100.0,0.0,0.0,0.0
310,0,0.16172506738544473,100.0,0.0,0.0,0.0
311,0,0.16129032258064516,100.0,0.0,0.0,0.0
312,1,0.16310160427807488,100.0,0.0,0.0,0.0
313,0,0.16266666666666665,100.0,0.0,0.0,0.0
314,0,0.1622340425531915,100.0,0.0,0.0,0.0
315,0,0.16180371352785147,100.0,0.0,0.0,0.0
316,0,0.16137566137566137,100.0,0.0,0.0,0.0
317,0,0.16094986807387862,100.0,0.0,0.0,0.0
318,2,0.1649214659685864,100.0,0.0,0.0,0.0
319,0,0.16449086161879894,100.0,0.0,0.0,0.0
320,0,0.1640625,100.0,0.0,0.0,0.0
321,0,0.16363636363636364,100.0,0.0,0.0,0.0
322,1,0.165374677002584,100.0,0.0,0.0,0.0
323,1,0.16709511568123395,100.0,0.0,0.0,0.0
324,0,0.16666666666666666,100.0,0.0,0.0,0.0
325,1,0.1683673469387755,100.0,0.0,0.0,0.0
326,0,0.16793893129770993,100.0,0.0,0.0,0.0
327,0,0.16751269035532995,100.0,0.0,0.0,0.0
328,0,0.1670886075949367,100.0,0.0,0.0,0.0
329,0,0.16666666666666666,100.0,0.0,0.0,0.0
330,0,0.16624685138539042,100.0,0.0,0.0,0.0
331,0,0.1658291457286432,100.0,0.0,0.0,0.0
332,1,0.1675,100.0,0.0,0.0,0.0
333,2,0.17121588089330025,100.0,0.0,0.0,0.0
334,0,0.1707920792079208,100.0,0.0,0.0,0.0
335,0,0.17037037037037037,100.0,0.0,0.0,0.0
336,1,0.171990171990172,100.0,0.0,0.0,0.0
337,0,0.1715686274509804,100.0,0.0,0.0,0.0
338,0,0.17114914425427874,100.0,0.0,0.0,0.0
339,0,0.17073170731707318,100.0,0.0,0.0,0.0
340,0,0.170316301703163,100.0,0.0,0.0,0.0
341,0,0.16990291262135923,100.0,0.0,0.0,0.0
342,0,0.1694915254237288,100.0,0.0,0.0,0.0
343,0,0.16908212560386474,100.0,0.0,0.0,0.0
344,2,0.17266187050359713,100.0,0.0,0.0,0.0
345,0,0.1722488038277512,100.0,0.0,0.0,0.0
346,1,0.1738095238095238,100.0,0.0,0.0,0.0
347,0,0.17339667458432304,100.0,0.0,0.0,0.0
348,0,0.17298578199052134,100.0,0.0,0.0,0.0
349,0,0.17257683215130024,100.0,0.0,0.0,0.0
350,0,0.1721698113207547,100.0,0.0,0.0,0.0
351,1,0.17370892018779344,100.0,0.0,0.0,0.0
352,0,0.17330210772833723,100.0,0.0,0.0,0.0
353,0,0.17289719626168223,100.0,0.0,0.0,0.0
354,1,0.1744186046511628,100.0,0.0,0.0,0.0
355,0,0.1740139211136891,100.0,0.0,0.0,0.0
356,0,0.1736111111111111,100.0,0.0,0.0,0.0
357,0,0.17321016166281755,100.0,0.0,0.0,0.0
358,1,0.17471264367816092,100.0,0.0,0.0,0.0
359,0,0.1743119266055046,100.0,0.0,0.0,0.0
360,3,0.17954545454545454,100.0,0.0,0.0,0.0
361,1,0.18099547511312217,100.0,0.0,0.0,0.0
362,2,0.1842696629213483,100.0,0.0,0.0,0.0
363,1,0.18568232662192394,100.0,0.0,0.0,0.0
364,1,0.1870824053452116,100.0,0.0,0.0,0.0
365,2,0.1902654867256637,100.0,0.0,0.0,0.0
366,4,0.19693654266958424,100.0,0.0,0.0,0.0
367,2,0.2,100.0,0.0,0.0,0.0
368,0,0.19956616052060738,100.0,0.0,0.0,0.0
369,0,0.19913419913419914,100.0,0.0,0.0,0.0
370,0,0.19870410367170627,100.0,0.0,0.0,0.0
371,1,0.2,100.0,0.0,0.0,0.0
372,4,0.20638297872340425,100.0,0.0,0.0,0.0
373,1,0.2076271186440678,100.0,0.0,0.0,0.0
374,3,0.21218487394957983,100.0,0.0,0.0,0.0
375,3,0.21666666666666667,100.0,0.0,0.0,0.0
376,4,0.22268041237113403,100.0,0.0,0.0,0.0
377,1,0.22381930184804927,100.0,0.0,0.0,0.0
378,1,0.2249488752556237,100.0,0.0,0.0,0.0
379,0,0.22448979591836735,100.0,0.0,0.0,0.0
380,2,0.22718052738336714,100.0,0.0,0.0,0.0
381,0,0.22672064777327935,100.0,0.0,0.0,0.0
382,6,0.23552894211576847,100.0,0.0,0.0,0.0
383,1,0.23658051689860835,100.0,0.0,0.0,0.0
384,3,0.2406311637080868,100.0,0.0,0.0,0.0
385,0,0.24015748031496062,100.0,0.0,0.0,0.0
386,1,0.2411764705882353,100.0,0.0,0.0,0.0
387,3,0.245136186770428,100.0,0.0,0.0,0.0
388,0,0.2446601941747573,100.0,0.0,0.0,0.0
389,1,0.24564796905222436,100.0,0.0,0.0,0.0
390,1,0.2466281310211946,100.0,0.0,0.0,0.0
391,6,0.25475285171102663,100.0,0.0,0.0,0.0
392,5,0.26127819548872183,100.0,0.0,0.0,0.0
393,0,0.2607879924953096,100.0,0.0,0.0,0.0
394,0,0.2602996254681648,100.0,0.0,0.0,0.0
395,3,0.26394052044609667,100.0,0.0,0.0,0.0
396,4,0.26887661141804786,100.0,0.0,0.0,0.0
397,0,0.26838235294117646,100.0,0.0,0.0,0.0
398,1,0.2692307692307692,100.0,0.0,0.0,0.0
399,1,0.27007299270072993,100.0,0.0,0.0,0.0
400,4,0.27486437613019893,100.0,0.0,0.0,0.0
401,0,0.2743682310469314,100.0,0.0,0.0,0.0
402,0,0.27387387387387385,100.0,0.0,0.0,0.0
403,0,0.2733812949640288,100.0,0.0,0.0,0.0
404,0,0.27289048473967686,100.0,0.0,0.0,0.0
405,9,0.2839506172839506,100.0,0.0,0.0,0.0
406,0,0.2834507042253521,100.0,0.0,0.0,0.0
407,4,0.2879581151832461,100.0,0.0,0.0,0.0
408,1,0.288695652173913,100.0,0.0,0.0,0.0
409,0,0.2881944444444444,100.0,0.0,0.0,0.0
410,2,0.29015544041450775,100.0,0.0,0.0,0.0
411,0,0.2896551724137931,100.0,0.0,0.0,0.0
412,0,0.2891566265060241,100.0,0.0,0.0,0.0
413,0,0.28865979381443296,100.0,0.0,0.0,0.0
414,0,0.2881646655231561,100.0,0.0,0.0,0.0
415,2,0.2901023890784983,100.0,0.0,0.0,0.0
416,3,0.29322033898305083,100.0,0.0,0.0,0.0
417,4,0.29747899159663865,100.0,0.0,0.0,0.0
418,2,0.2993311036789298,100.0,0.0,0.0,0.0
419,6,0.30578512396694213,100.0,0.0,0.0,0.0
420,2,0.30756578947368424,100.0,0.0,0.0,0.0
421,0,0.3070607553366174,100.0,0.0,0.0,0.0
422,0,0.30655737704918035,100.0,0.0,0.0,0.0
423,2,0.3083197389885807,100.0,0.0,0.0,0.0
424,1,0.3089430894308943,100.0,0.0,0.0,0.0
425,0,0.30844155844155846,100.0,0.0,0.0,0.0
426,2,0.31017770597738287,100.0,0.0,0.0,0.0
427,3,0.3130016051364366,100.0,0.0,0.0,0.0
428,4,0.31687898089171973,100.0,0.0,0.0,0.0
429,4,0.320695102685624,100.0,0.0,0.0,0.0
430,2,0.3223270440251572,100.0,0.0,0.0,0.0
431,7,0.32919254658385094,100.0,0.0,0.0,0.0
432,3,0.3317901234567901,100.0,0.0,0.0,0.0
433,0,0.3312788906009245,100.0,0.0,0.0,0.0
434,3,0.333843797856049,100.0,0.0,0.0,0.0
435,8,0.3413897280966767,100.0,0.0,0.0,0.0
436,2,0.34285714285714286,100.0,0.0,0.0,0.0
437,6,0.3482142857142857,100.0,0.0,0.0,0.0
438,14,0.3609898107714702,99.77220956719817,0.22779043280182232,0.0,0.0
439,4,0.36416184971098264,99.77272727272727,0.22727272727272727,0.0,0.0
440,6,0.36909871244635195,99.77324263038548,0.22675736961451248,0.0,0.0
441,7,0.37482319660537483,99.77375565610859,0.22624434389140274,0.0,0.0
442,0,0.3742937853107345,99.77426636568849,0.2257336343115124,0.0,0.0
443,4,0.37727910238429174,99.77477477477478,0.22522522522522523,0.0,0.0
444,18,0.39207650273224043,99.5505617977528,0.44943820224719105,0.0,0.0
445,0,0.39154160982264663,99.55156950672645,0.4484304932735426,0.0,0.0
446,1,0.39183673469387753,99.55257270693512,0.44742729306487694,0.0,0.0
447,6,0.39622641509433965,99.55357142857143,0.4464285714285714,0.0,0.0
448,1,0.396505376344086,99.55456570155901,0.4454342984409799,0.0,0.0
449,0,0.3959731543624161,99.55555555555556,0.4444444444444444,0.0,0.0
450,1,0.3962516733601071,99.55654101995566,0.4434589800443459,0.0,0.0
451,0,0.39572192513368987,99.5575221238938,0.4424778761061947,0.0,0.0
452,5,0.39920424403183025,99.55849889624724,0.44150110375275936,0.0,0.0
453,0,0.39867549668874175,99.55947136563876,0.4405286343612335,0.0,0.0
454,0,0.39814814814814814,99.56043956043956,0.43956043956043955,0.0,0.0
455,0,0.39762219286657857,99.56140350877193,0.43859649122807015,0.0,0.0
456,2,0.3986842105263158,99.56236323851203,0.437636761487965,0.0,0.0
457,0,0.39816031537450725,99.56331877729258,0.43668122270742354,0.0,0.0
458,0,0.39763779527559057,99.56427015250546,0.4357298474945534,0.0,0.0
459,0,0.39711664482306686,99.56521739130434,0.43478260869565216,0.0,0.0
460,0,0.39659685863874344,99.56616052060737,0.43383947939262474,0.0,0.0
461,0,0.396078431372549,99.56709956709958,0.4329004329004329,0.0,0.0
462,4,0.3987012987012987,99.56803455723542,0.4319654427645789,0.0,0.0
463,2,0.3997412677878396,99.56896551724138,0.43103448275862066,0.0,0.0
464,1,0.4,99.56989247311829,0.43010752688172044,0.0,0.0
465,2,0.40102827763496146,99.57081545064378,0.4291845493562232,0.0,0.0
466,0,0.40051347881899874,99.57173447537473,0.4282655246252677,0.0,0.0
467,12,0.4090909090909091,99.35897435897436,0.641025641025641,0.0,0.0
468,0,0.4085750315258512,99.36034115138592,0.6396588486140725,0.0,0.0
469,0,0.4080604534005038,99.36170212765958,0.6382978723404255,0.0,0.0
470,0,0.4075471698113208,99.36305732484077,0.6369426751592357,0.0,0.0
471,3,0.409261576971214,99.36440677966102,0.6355932203389831,0.0,0.0
472,0,0.40875,99.36575052854123,0.6342494714587738,0.0,0.0
473,2,0.40971357409713577,99.36708860759494,0.6329113924050633,0.0,0.0
474,1,0.40993788819875776,99.36842105263159,0.631578947368421,0.0,0.0
475,9,0.41595092024539876,99.36974789915966,0.6302521008403361,0.0,0.0
476,1,0.41615667074663404,99.37106918238993,0.628930817610063,0.0,0.0
477,1,0.4163614163614164,99.3723849372385,0.6276150627615062,0.0,0.0
478,11,0.42358604091456076,99.16492693110646,0.8350730688935281,0.0,0.0
479,5,0.4265232974910394,99.16666666666667,0.8333333333333334,0.0,0.0
480,32,0.4471264367816092,98.96049896049897,1.0395010395010396,0.0,0.0
481,15,0.45598194130925507,98.7551867219917,1.2448132780082988,0.0,0.0
482,0,0.455467869222097,98.75776397515527,1.2422360248447204,0.0,0.0
483,15,0.4640088593576966,98.55371900826447,1.4462809917355373,0.0,0.0
484,2,0.46467991169977924,98.55670103092784,1.443298969072165,0.0,0.0
485,7,0.4682713347921225,98.559670781893,1.440329218106996,0.0,0.0
486,3,0.46949891067538124,98.56262833675564,1.4373716632443532,0.0,0.0
487,0,0.4689880304678999,98.5655737704918,1.4344262295081966,0.0,0.0
488,1,0.46905537459283386,98.56850715746421,1.4314928425357873,0.0,0.0
489,1,0.46912242686890576,98.57142857142858,1.4285714285714286,0.0,0.0
490,5,0.4714747039827772,98.57433808553971,1.4256619144602851,0.0,0.0
491,4,0.4732334047109208,98.57723577235772,1.4227642276422763,0.0,0.0
492,0,0.4727272727272727,98.58012170385395,1.4198782961460445,0.0,0.0
493,23,0.4848800834202294,98.38056680161942,1.6194331983805668,0.0,0.0
494,11,0.490216271884655,98.18181818181819,1.8181818181818181,0.0,0.0
495,10,0.49490835030549896,97.98387096774194,2.0161290322580645,0.0,0.0
496,2,0.4954314720812183,97.98792756539235,2.0120724346076457,0.0,0.0
497,0,0.4949290060851927,97.99196787148594,2.0080321285140563,0.0,0.0
498,4,0.496468213925328,97.99599198396794,2.004008016032064,0.0,0.0
499,0,0.4959677419354839,98.0,2.0,0.0,0.0
500,9,0.5,98.00399201596807,1.996007984031936,0.0,0.0
501,19,0.5088062622309197,97.80876494023904,2.1912350597609564,0.0,0.0
502,20,0.5177372962607862,97.61431411530815,2.3856858846918487,0.0,0.0
503,1,0.5177033492822967,97.61904761904762,2.380952380952381,0.0,0.0
504,3,0.5185891325071497,97.62376237623762,2.376237623762376,0.0,0.0
505,14,0.5244360902255639,97.4308300395257,2.5691699604743086,0.0,0.0
506,9,0.5279329608938548,97.43589743589743,2.564102564102564,0.0,0.0
507,38,0.5435759209344115,97.24409448818898,2.7559055118110236,0.0,0.0
508,9,0.5467497773820125,97.24950884086444,2.75049115913556,0.0,0.0
509,5,0.5482728077945084,97.25490196078431,2.7450980392156863,0.0,0.0
510,15,0.5537117903930131,97.06457925636008,2.935420743639922,0.0,0.0
511,2,0.554006968641115,97.0703125,2.9296875,0.0,0.0
512,5,0.5554592720970537,97.07602339181285,2.923976608187134,0.0,0.0
513,3,0.5561312607944733,97.08171206225681,2.9182879377431905,0.0,0.0
514,3,0.5567986230636833,97.0873786407767,2.912621359223301,0.0,0.0
515,8,0.5593509820666097,97.09302325581395,2.9069767441860463,0.0,0.0
516,44,0.5748355263157895,96.90522243713733,3.0947775628626695,0.0,0.0
517,16,0.5798864557988646,96.71814671814671,3.2818532818532815,0.0,0.0
518,27,0.5884218873909596,96.53179190751445,3.4682080924855487,0.0,0.0
519,13,0.592156862745098,96.34615384615385,3.653846153846154,0.0,0.0
520,30,0.6010719754977029,96.1612284069098,3.8387715930902107,0.0,0.0
521,0,0.6006120887528692,96.16858237547893,3.8314176245210727,0.0,0.0
522,46,0.6137370753323486,95.98470363288719,4.015296367112811,0.0,0.0
523,16,0.6177972283005105,95.80152671755725,4.198473282442748,0.0,0.0
524,25,0.6241947029348605,95.61904761904762,4.380952380952381,0.0,0.0
525,6,0.6253561253561254,95.62737642585552,4.3726235741444865,0.0,0.0
526,4,0.6259758694109298,95.63567362428842,4.364326375711575,0.0,0.0
527,4,0.6265912305516266,95.64393939393939,4.356060606060606,0.0,0.0
528,2,0.6266760762173607,95.65217391304348,4.3478260869565215,0.0,0.0
529,8,0.6283309957924264,95.66037735849056,4.339622641509433,0.0,0.0
530,0,0.6278906797477225,95.66854990583803,4.3314500941619585,0.0,0.0
531,16,0.631578947368421,95.48872180451127,4.511278195488721,0.0,0.0
532,0,0.6311418685121107,95.49718574108817,4.50281425891182,0.0,0.0
533,0,0.6307053941908713,95.50561797752809,4.49438202247191,0.0,0.0
534,44,0.6411804158283032,95.32710280373831,4.672897196261682,0.0,0.0
535,4,0.6417112299465241,95.33582089552239,4.664179104477612,0.0,0.0
536,12,0.6441351888667992,95.15828677839852,4.8417132216014895,0.0,0.0
537,73,0.6601389766266582,94.9814126394052,5.018587360594796,0.0,0.0
538,30,0.6660470879801735,94.8051948051948,5.194805194805195,0.0,0.0
539,19,0.6695226438188494,94.62962962962963,5.37037037037037,0.0,0.0
540,15,0.6721212121212121,94.45471349353049,5.545286506469501,0.0,0.0
541,27,0.6769964243146603,94.28044280442805,5.719557195571956,0.0,0.0
542,10,0.6785079928952042,94.10681399631676,5.893186003683241,0.0,0.0
543,20,0.6818713450292397,93.93382352941177,6.0661764705882355,0.0,0.0
544,12,0.6836912362159024,93.76146788990826,6.238532110091743,0.0,0.0
545,1,0.6834782608695652,93.77289377289377,6.227106227106227,0.0,0.0
546,5,0.683997689196996,93.78427787934186,6.2157221206581355,0.0,0.0
547,11,0.6855995410212278,93.61313868613139,6.386861313868613,0.0,0.0
548,3,0.6857469948483114,93.6247723132969,6.375227686703097,0.0,0.0
549,0,0.6853546910755148,93.63636363636364,6.363636363636363,0.0,0.0
550,35,0.6911434977578476,93.46642468239564,6.533575317604355,0.0,0.0
551,15,0.6933333333333334,93.29710144927536,6.702898550724639,0.0,0.0
552,45,0.7004333694474539,93.12839059674502,6.871609403254973,0.0,0.0
553,30,0.7048481619605754,92.96028880866426,7.039711191335741,0.0,0.0
554,112,0.7211055276381909,92.7927927927928,7.027027027027027,0.18018018018018017,0.0
555,72,0.7304895782840524,92.62589928057554,7.194244604316546,0.1798561151079137,0.0
556,23,0.73310972688069,92.45960502692998,7.360861759425494,0.17953321364452424,0.0
557,28,0.7362948960302458,92.29390681003584,7.526881720430108,0.17921146953405018,0.0
558,26,0.7391507232851143,92.12880143112702,7.6923076923076925,0.17889087656529518,0.0
559,4,0.7392923649906891,92.14285714285714,7.678571428571429,0.17857142857142858,0.0
560,14,0.7406380027739251,91.97860962566845,7.8431372549019605,0.17825311942959002,0.0
561,45,0.7455862381167949,91.81494661921708,8.007117437722421,0.1779359430604982,0.0
562,27,0.7483236477425123,91.65186500888099,8.170515097690942,0.17761989342806395,0.0
563,21,0.750332005312085,91.48936170212765,8.333333333333332,0.1773049645390071,0.0
564,33,0.7535979066724815,91.32743362831859,8.495575221238937,0.17699115044247787,0.0
565,14,0.7547660311958405,91.16607773851591,8.657243816254418,0.17667844522968199,0.0
566,27,0.757277397260274,91.005291005291,8.818342151675484,0.1763668430335097,0.0
567,6,0.7575757575757576,91.02112676056338,8.80281690140845,0.17605633802816903,0.0
568,20,0.7593062605752962,90.86115992970123,8.963093145869948,0.17574692442882248,0.0
569,3,0.7592905405405406,90.87719298245615,8.947368421052632,0.17543859649122806,0.0
570,0,0.7589700295483326,90.89316987740806,8.93169877408056,0.17513134851138354,0.0
571,19,0.760569275847635,90.73426573426573,9.090909090909092,0.17482517482517482,0.0
572,9,0.7611504793664027,90.75043630017451,9.07504363001745,0.17452006980802792,0.0
573,5,0.7613305613305613,90.76655052264809,9.059233449477352,0.17421602787456447,0.0
574,0,0.7610141313383209,90.78260869565217,9.043478260869566,0.17391304347826086,0.0
575,2,0.7608966376089664,90.79861111111111,9.027777777777777,0.1736111111111111,0.0
576,8,0.761373035566584,90.81455805892547,9.01213171577123,0.17331022530329288,0.0
577,0,0.7610582885489872,90.83044982698962,8.996539792387544,0.17301038062283738,0.0
578,4,0.7611386138613861,90.84628670120898,8.981001727115718,0.17271157167530224,0.0
579,4,0.7612186084808563,90.86206896551724,8.96551724137931,0.1724137931034483,0.0
580,6,0.7614942528735632,90.87779690189329,8.950086058519794,0.17211703958691912,0.0
581,0,0.7611817808781288,90.893470790378,8.934707903780069,0.1718213058419244,0.0
582,0,0.7608695652173914,90.9090909090909,8.919382504288166,0.17152658662092624,0.0
583,0,0.7605576055760558,90.92465753424658,8.904109589041095,0.17123287671232876,0.0
584,5,0.7607361963190185,90.94017094017094,8.88888888888889,0.17094017094017094,0.0
585,8,0.7612061939690301,90.95563139931741,8.873720136518772,0.17064846416382254,0.0
586,5,0.7613821138211382,90.9710391822828,8.858603066439523,0.17035775127768313,0.0
587,31,0.7640449438202247,90.81632653061224,9.013605442176871,0.17006802721088435,0.0
588,17,0.7653386454183267,90.66213921901529,9.168081494057725,0.1697792869269949,0.0
589,8,0.7657800714569274,90.67796610169492,9.152542372881356,0.1694915254237288,0.0
590,9,0.7663107947805456,90.69373942470389,9.137055837563452,0.1692047377326565,0.0
591,0,0.7660079051383399,90.70945945945947,9.121621621621621,0.16891891891891891,0.0
592,0,0.7657052548399842,90.72512647554805,9.106239460370995,0.16863406408094433,0.0
593,26,0.7677873338545739,90.57239057239057,9.25925925925926,0.16835016835016833,0.0
594,10,0.7683923705722071,90.4201680672269,9.411764705882353,0.16806722689075632,0.0
595,20,0.7698841698841699,90.26845637583892,9.563758389261745,0.16778523489932887,0.0
596,5,0.7700308166409862,90.28475711892797,9.547738693467336,0.16750418760469013,0.0
597,7,0.7703533026113671,90.3010033444816,9.531772575250837,0.16722408026755853,0.0
598,0,0.7700575815738964,90.31719532554257,9.515859766277128,0.1669449081803005,0.0
599,4,0.7701149425287356,90.33333333333333,9.5,0.16666666666666669,0.0
600,12,0.7708730461303851,90.18302828618968,9.650582362728786,0.16638935108153077,0.0
601,0,0.770579268292683,90.19933554817275,9.634551495016613,0.16611295681063123,0.0
602,8,0.7709836688188378,90.21558872305141,9.618573797678277,0.16583747927031509,0.0
603,5,0.7711254262978401,90.23178807947019,9.602649006622517,0.16556291390728478,0.0
604,15,0.7721280602636534,90.08264462809917,9.75206611570248,0.1652892561983471,0.0
605,16,0.7732035928143712,89.93399339933993,9.900990099009901,0.16501650165016502,0.0
606,2,0.7730841121495328,89.9505766062603,9.884678747940692,0.16474464579901155,0.0
607,17,0.7742294838470107,89.80263157894737,10.032894736842106,0.1644736842105263,0.0
608,5,0.7743608743979251,89.81937602627258,10.016420361247947,0.16420361247947454,0.0
609,43,0.7776157491797302,89.67213114754098,10.163934426229508,0.16393442622950818,0.0
610,15,0.7785429503443276,89.52536824877251,10.310965630114566,0.16366612111292964,0.0
611,27,0.7804090419806243,89.37908496732027,10.457516339869281,0.16339869281045752,0.0
612,3,0.7803654604084558,89.39641109298532,10.440456769983687,0.1631321370309951,0.0
613,1,0.7801646974579305,89.41368078175896,10.423452768729643,0.16286644951140067,0.0
614,1,0.7799642218246869,89.43089430894308,10.40650406504065,0.16260162601626016,0.0
615,3,0.7799214005001787,89.44805194805194,10.38961038961039,0.16233766233766234,0.0
616,7,0.7801923762023513,89.46515397082658,10.372771474878444,0.1620745542949757,0.0
617,10,0.7806955287437899,89.32038834951457,10.517799352750808,0.16181229773462785,0.0
618,7,0.780962491153574,89.33764135702747,10.500807754442649,0.16155088852988692,0.0
619,4,0.7809961144471919,89.35483870967742,10.483870967741936,0.16129032258064516,0.0
620,0,0.7807203389830508,89.3719806763285,10.466988727858293,0.1610305958132045,0.0
621,0,0.7804447582068479,89.38906752411575,10.45016077170418,0.1607717041800643,0.0
622,3,0.7804018329221009,89.40609951845907,10.43338683788122,0.16051364365971107,0.0
623,5,0.7805135420330637,89.42307692307693,10.416666666666668,0.16025641025641024,0.0
624,11,0.7810858143607706,89.28,10.56,0.16,0.0
625,15,0.7819575060954371,89.1373801916933,10.702875399361023,0.1597444089456869,0.0
626,5,0.7820646506777894,89.15470494417863,10.685805422647528,0.1594896331738437,0.0
627,2,0.7819444444444444,89.171974522293,10.668789808917198,0.15923566878980894,0.0
628,9,0.7823529411764706,89.1891891891892,10.651828298887123,0.1589825119236884,0.0
629,2,0.782232976149326,89.20634920634922,10.634920634920634,0.15873015873015872,0.0
630,6,0.7824137931034483,89.22345483359746,10.618066561014263,0.15847860538827258,0.0
631,4,0.7824440619621342,89.24050632911393,10.601265822784809,0.15822784810126583,0.0
632,0,0.7821748107364074,89.25750394944708,10.584518167456556,0.1579778830963665,0.0
633,2,0.7820556892402888,89.27444794952682,10.56782334384858,0.15772870662460567,0.0
634,7,0.7823105930750771,89.29133858267716,10.551181102362204,0.15748031496062992,0.0
635,6,0.7824897400820794,89.30817610062893,10.534591194968554,0.15723270440251574,0.0
636,1,0.7822966507177034,89.32496075353218,10.518053375196232,0.15698587127158556,0.0
637,6,0.7824752812819639,89.34169278996865,10.501567398119123,0.1567398119122257,0.0
638,14,0.7832428765264586,89.2018779342723,10.641627543035993,0.1564945226917058,0.0
639,3,0.7831978319783198,89.21875,10.625,0.15625,0.0
640,1,0.7830060934326337,89.2355694227769,10.60842433697348,0.15600624024961,0.0
641,5,0.7831081081081082,89.25233644859813,10.59190031152648,0.1557632398753894,0.0
642,6,0.7832827772160431,89.26905132192846,10.57542768273717,0.15552099533437014,0.0
643,4,0.7833109017496636,89.28571428571429,10.559006211180124,0.15527950310559005,0.0
644,1,0.7831203765971755,89.30232558139535,10.542635658914728,0.15503875968992248,0.0
645,5,0.7832214765100671,89.3188854489164,10.526315789473683,0.15479876160990713,0.0
646,3,0.7831769436997319,89.3353941267388,10.510046367851624,0.1545595054095827,0.0
647,2,0.7830599263475059,89.35185185185185,10.493827160493826,0.15432098765432098,0.0
648,3,0.783015713808091,89.36825885978429,10.477657935285054,0.15408320493066258,0.0
649,4,0.7830440587449933,89.38461538461539,10.461538461538462,0.15384615384615385,0.0
650,2,0.7829276425475158,89.40092165898618,10.44546850998464,0.15360983102918588,0.0
651,1,0.7827390869710097,89.41717791411043,10.429447852760736,0.15337423312883436,0.0
652,1,0.7825507825507826,89.43338437978561,10.413476263399694,0.1531393568147014,0.0
653,7,0.7827964131517768,89.44954128440367,10.397553516819572,0.1529051987767584,0.0
654,2,0.7826808228268082,89.46564885496183,10.381679389312977,0.15267175572519084,0.0
655,2,0.7825654623798475,89.48170731707317,10.365853658536585,0.1524390243902439,0.0
656,3,0.7825223435948362,89.49771689497716,10.350076103500761,0.15220700152207,0.0
657,3,0.7824793388429752,89.51367781155015,10.33434650455927,0.1519756838905775,0.0
658,2,0.7823645970937912,89.52959028831563,10.318664643399089,0.15174506828528073,0.0
659,1,0.7821782178217822,89.54545454545455,10.303030303030303,0.15151515151515152,0.0
660,8,0.782494241526818,89.56127080181543,10.287443267776098,0.15128593040847202,0.0
661,7,0.7827371184771906,89.57703927492447,10.27190332326284,0.1510574018126888,0.0
662,2,0.7826229508196721,89.59276018099548,10.256410256410255,0.1508295625942685,0.0
663,8,0.7829355998692383,89.60843373493977,10.240963855421686,0.15060240963855423,0.0
664,2,0.7828216851730895,89.62406015037594,10.225563909774436,0.15037593984962408,0.0
665,1,0.7826370757180157,89.63963963963964,10.21021021021021,0.15015015015015015,0.0
666,0,0.7823817292006525,89.65517241379311,10.194902548725636,0.14992503748125938,0.0
667,3,0.7823395242750082,89.67065868263472,10.179640718562874,0.14970059880239522,0.0
668,1,0.7821556496255292,89.68609865470853,10.164424514200299,0.14947683109118087,0.0
669,2,0.782042940793754,89.70149253731343,10.149253731343283,0.1492537313432836,0.0
670,1,0.7818595578673602,89.71684053651266,10.134128166915051,0.14903129657228018,0.0
671,0,0.7816054598635034,89.73214285714286,10.119047619047619,0.1488095238095238,0.0
672,11,0.7821301392036257,89.59881129271918,10.25260029717682,0.1485884101040119,0.0
673,6,0.7822997416020672,89.61424332344214,10.237388724035608,0.1483679525222552,0.0
674,4,0.7823282811996131,89.62962962962962,10.222222222222223,0.14814814814814814,0.0
675,3,0.7822866344605475,89.64497041420118,10.207100591715976,0.14792899408284024,0.0
676,0,0.7820347714101739,89.6602658788774,10.19202363367799,0.14771048744460857,0.0
677,3,0.7819935691318328,89.67551622418878,10.176991150442479,0.14749262536873156,0.0
678,2,0.781882428525538,89.69072164948454,10.1620029455081,0.14727540500736377,0.0
679,3,0.7818415142765479,89.70588235294117,10.147058823529411,0.14705882352941177,0.0
680,5,0.781940441882805,89.72099853157121,10.13215859030837,0.14684287812041116,0.0
681,1,0.78176,89.73607038123167,10.117302052785924,0.1466275659824047,0.0
682,0,0.7815099168266155,89.7510980966325,10.102489019033674,0.14641288433382138,0.0
683,4,0.7815394442670074,89.76608187134502,10.087719298245613,0.14619883040935672,0.0
684,1,0.7813597191190552,89.78102189781022,10.072992700729927,0.145985401459854,0.0
685,2,0.78125,89.79591836734694,10.058309037900875,0.1457725947521866,0.0
686,1,0.7810707456978967,89.8107714701601,10.043668122270741,0.1455604075691412,0.0
687,6,0.7812400635930048,89.82558139534885,10.029069767441861,0.14534883720930233,0.0
688,1,0.7810613282491261,89.84034833091437,10.014513788098693,0.14513788098693758,0.0
689,3,0.781021897810219,89.85507246376811,10.0,0.14492753623188406,0.0
690,7,0.7812598923710035,89.86975397973951,9.985528219971057,0.1447178002894356,0.0
691,2,0.7811511701454775,89.88439306358381,9.971098265895954,0.1445086705202312,0.0
692,1,0.7809734513274337,89.8989898989899,9.956709956709958,0.1443001443001443,0.0
693,2,0.7808651720871487,89.9135446685879,9.94236311239193,0.1440922190201729,0.0
694,4,0.7808953341740227,89.92805755395683,9.928057553956835,0.14388489208633093,0.0
695,4,0.7809254013220018,89.9425287356322,9.913793103448276,0.14367816091954022,0.0
696,2,0.7808176100628931,89.95695839311334,9.899569583931134,0.1434720229555237,0.0
697,3,0.7807788944723618,89.97134670487105,9.885386819484241,0.14326647564469913,0.0
698,0,0.7805337519623234,89.9856938483548,9.871244635193133,0.14306151645207438,0.0
699,5,0.7806330303979944,90.0,9.857142857142858,0.14285714285714285,0.0
700,2,0.7805259862241704,90.01426533523538,9.843081312410842,0.14265335235378032,0.0
701,9,0.7808988764044944,90.02849002849003,9.82905982905983,0.14245014245014245,0.0
702,15,0.7816770186335403,89.900426742532,9.95732574679943,0.1422475106685633,0.0
703,0,0.781434337162372,89.91477272727273,9.943181818181818,0.14204545454545456,0.0
704,0,0.7811918063314711,89.9290780141844,9.929078014184398,0.14184397163120568,0.0
705,2,0.7810852713178295,89.94334277620396,9.91501416430595,0.141643059490085,0.0
706,0,0.7808431494110354,89.95756718528996,9.900990099009901,0.14144271570014144,0.0
707,0,0.7806011775643013,89.97175141242938,9.887005649717514,0.14124293785310735,0.0
708,1,0.7804273768968721,89.98589562764458,9.873060648801129,0.14104372355430184,0.0
709,2,0.7803217821782178,90.0,9.859154929577464,0.14084507042253522,0.0
710,0,0.780080420661924,90.014064697609,9.845288326300984,0.14064697609001406,0.0
711,10,0.7805178791615289,89.8876404494382,9.97191011235955,0.1404494382022472,0.0
712,6,0.7806828668102123,89.90182328190744,9.957924263674615,0.1402524544179523,0.0
713,9,0.781048758049678,89.91596638655463,9.943977591036415,0.1400560224089636,0.0
714,0,0.7808093194359289,89.93006993006993,9.93006993006993,0.13986013986013987,0.0
715,2,0.7807044410413476,89.94413407821229,9.916201117318437,0.13966480446927373,0.0
716,1,0.7805325987144169,89.9581589958159,9.902370990237099,0.1394700139470014,0.0
717,0,0.7802937576499388,89.97214484679665,9.88857938718663,0.1392757660167131,0.0
718,1,0.7801223241590214,89.98609179415855,9.874826147426981,0.13908205841446453,0.0
719,0,0.779883827575665,90.0,9.86111111111111,0.1388888888888889,0.0
720,2,0.7797800855222969,90.01386962552012,9.847434119278779,0.13869625520110956,0.0
721,1,0.7796092796092796,90.02770083102493,9.833795013850416,0.13850415512465375,0.0
722,0,0.7793713762587733,90.04149377593362,9.820193637621024,0.13831258644536654,0.0
723,0,0.7791336180597925,90.05524861878453,9.806629834254144,0.13812154696132595,0.0
724,2,0.7790307832977751,90.06896551724138,9.793103448275863,0.13793103448275862,0.0
